saithe <-
structure(list(Bio = c(0.9693, 0.7033, 0.8098, 1.2013, 1.5115,
1.2262, 1.2722, 0.9798, 1.0818, 0.6374, 0.793, 1.091, 0.6751,
0.8255, 1.251, 0.7912, 1.1193, 0.6859, 1.1926, 1.1768, 1.0884,
1.1131, 0.6864, 0.9871, 1.0186, 1.2022, 0.8271, 0.895, 0.8751,
1.1645, 1.0482, 1.4038, 1.1849, 1.9362, 0.99, 0.9143, 0.9065,
0.9321, 1.324, 1.5659, 1.9192, 0.8583, 0.63, 0.8566, 1.2365,
0.6688, 1.1415, 1.32, 0.6342, 1.1709, 1.2208, 1.0575, 0.8802,
1.1049, 1.1219, 1.436, 0.9541, 0.9579, 0.8831, 0.8667, 0.867,
0.9322, 1.0572, 1.0854, 1.3691, 1.0456, 0.8833, 0.9942, 1.1547,
1.1554, 1.0901, 1.037, 0.9879, 1.4691, 1.0998, 2.0356, 1.0698,
0.8533, 1.0211, 0.8597, 1.1457, 1.1209, 0.7999, 0.8542, 0.7189,
1.1996, 1.9186, 0.9586, 0.7569, 1.0661, 1.2373, 1.0403, 0.9786,
0.7807, 1.0749, 1.1734, 1.1659, 1.1743, 0.665, 0.8962, 0.6787,
0.7523, 0.7877, 1.0355, 1.1776, 0.797, 1.0428, 0.863, 1.0321,
1.0224, 1.0816, 1.0567, 1.1678, 1.0392, 1.1726, 1.0266, 1.327,
1.3848, 1.2322, 0.95, 1.1203, 0.8501, 0.9169, 0.8645, 1.1652,
1.1082, 1.0904, 1.1117, 1.0287, 0.9522, 1.665, 0.9418, 0.865,
0.8109, 1.1406, 1.3229, 0.9052, 1.0704, 0.8259, 0.7298, 1.0004,
1.1861, 1.0574, 0.7747, 0.9428, 0.9688, 0.6395, 1.2409, 1.4264,
1.9132, 1.2018, 1.2486, 0.9347, 1.2845, 1.0707, 1.0842, 0.8056,
1.1706, 0.9705, 1.0946, 1.2663, 0.986, 0.9726, 0.6875, 1.2167,
1.0616, 0.9646, 1.091, 1.0079, 0.9665, 0.7278, 0.8294, 1.3894,
0.684, 0.7816, 1.2506, 0.9695, 0.7918, 0.8965, 1.0687, 1.2163,
1.0371, 0.9882, 0.9854, 1.0304, 1.0967, 0.9786, 1.0836, 1.02,
1.1774, 0.9696, 1.2037, 1.0392, 1.2089, 0.7386, 0.8248, 0.9482,
0.9514, 1.0282, 0.6415, 0.957, 0.9951, 0.6368, 1.2843, 1.094,
0.8953, 1.2038, 0.8704, 1.004, 1.0591, 1.0309, 0.885, 1.0834,
1.1908, 0.9803, 0.865, 1.4061, 1.117, 0.7358, 0.9315, 1.3261,
0.8256, 0.7187, 0.6489, 0.6186, 0.9401, 0.9685, 0.944, 0.9825,
0.9534, 1.2785, 1.1961, 1.4565, 1.1509, 1.1671, 0.7842, 1.1531,
0.8303, 0.9987, 1.042, 0.7742, 0.9856, 0.7771, 0.9803, 0.9365,
0.8024, 0.8794, 0.8744, 0.9339, 1.1676, 1.3722, 1.0313, 1.476,
1.6689, 0.8244, 0.8883, 1.1396, 0.8896, 1.3106, 1.302, 0.8366,
0.9176, 1.0982, 0.964, 1.0788, 1.05, 0.8007, 0.6316, 0.9206,
0.8313, 0.6909, 0.8961, 1.1446, 1.1565, 0.7438, 0.9404, 1.0377,
1.1762, 1.0138, 1.0186, 0.9719, 0.9722, 0.9791, 1.0704, 1.3255,
0.7896, 1.3356, 0.9614, 0.9664, 0.9828, 1.4965, 1.0041, 0.9937,
1.0457, 0.7923, 1.1039, 1.0597, 1.0563, 0.8039, 1.2863, 1.3728,
0.9341, 0.7743, 1.0359, 0.788, 1.2366, 0.8052, 0.8283, 0.9457,
0.9486, 0.9357, 1.0363, 1.4507, 1.2987, 1.1144, 1.1591, 0.859,
1.0011, 0.7238, 1.1532, 0.9047, 1.2423, 1.1016, 0.8455, 1.2883,
1.3456, 0.793, 0.9552, 0.7289, 0.8652, 0.9911, 0.8326, 1.208,
1.2214, 0.8625, 1.0499, 0.8108, 0.5419, 0.9596, 0.8514, 1.4928,
1.0787, 1.1891, 1.0093, 0.9948, 1.2876, 0.8863, 1.0506, 0.8965,
0.9258, 1.6185, 1.1513, 1.4923, 0.7608, 1.1771, 1.0903, 0.9604,
0.8269, 0.7694, 0.9656, 0.6927, 0.8625, 1.0832, 0.9907, 1.3871,
0.7145, 0.6725, 0.6882, 0.6872, 0.6849, 0.9068, 0.9742, 0.9103,
1.1667, 1.3633, 1.3314, 0.8987, 1.2004, 0.7815, 0.8638, 0.9477,
1.0199, 1.2107, 1.5425, 1.0711, 1.2884, 0.775, 0.8377, 1.4191,
1.2234, 0.9159, 0.7485, 1.0974, 1.1684, 1.0718, 1.3287, 1.617,
1.1839, 1.3918, 1.158, 1.0449, 1.0956, 0.9144, 1.1562, 1.0948,
1.1882, 0.9627, 0.8487, 1.0695, 1.2009, 1.0468, 1.1125, 0.9749,
1.1725, 1.4514, 0.8744, 0.8875, 1.0557, 1.1619, 1.2162, 0.9103,
0.9917, 1.0492, 0.9745, 1.1317, 0.7598, 1.2157, 0.9094, 1.4691,
1.187, 1.1328, 0.8868, 0.9671, 1.0594, 0.7816, 0.9338, 1.0458,
0.9761, 1.0604, 0.9337, 0.6266, 1.1855, 0.9742, 0.9656, 0.7711,
0.8508, 1.2964, 1.2283, 0.9341, 1.5401, 1.2448, 0.8875, 0.9463,
0.9801, 0.9991, 1.0113, 0.8935, 1.2807, 0.8839, 0.7059, 1.2566,
1.0215, 1.1027, 0.9898, 1.0694, 0.7503, 1.0376, 1.2965, 0.8553,
1.8216, 0.9317, 1.1425, 1.2634, 0.7542, 1.09, 0.7128, 1.0285,
0.6813, 1.2372, 1.0337, 1.0243, 1.1865, 1.1007, 1.016, 1.2597,
0.8308, 0.8787, 1.0142, 0.8096, 0.9458, 1.2407, 0.6803, 0.9552,
1.1314, 0.8075, 1.0758, 0.9856, 1.3163, 0.8455, 1.0551, 1.9513,
1.1453, 1.2454, 1.3105, 1.093, 0.9665, 1.3987, 1.8276, 1.0221,
1.3509, 1.3285, 0.7977, 0.9615, 1.4664, 1.2028, 0.8963, 1.2637,
0.9761, 1.221, 1.3887, 1.0224, 0.7671, 1.0896, 1.1784, 0.9769,
0.815, 1.5326, 1.1597, 0.9383, 0.992, 1.2272, 1.3309, 0.7474,
0.9521, 0.625, 1.2945, 1.2698, 0.9724, 1.1988, 1.6118, 0.9392,
1.2935, 1.0882, 0.8386, 0.951, 1.0054, 0.8197, 1.4327, 0.948,
1.2612, 1.4008, 1.4628, 1.3118, 1.4262, 1.3169, 1.2838, 1.3587,
0.8822, 1.302, 1.0128, 0.8104, 1.1799, 1.419, 1.0082, 1.172,
1.1389, 0.9174, 1.1623, 1.0084, 0.6662, 0.7829, 0.9704, 1.1715,
1.1267, 1.0215, 1.3136, 1.4082, 0.8498, 0.9989, 0.9327, 1.1996,
1.4582, 1.011, 0.741, 1.0356, 2.0335, 0.902, 1.3363, 1.0256,
0.7533, 1.1109, 1.2356, 1.3918, 0.7933, 1.0049, 0.7003, 0.8872,
1.1009, 1.0523, 1.4515, 1.1667, 1.0016, 1.268, 0.9337, 0.6965,
1.189, 1.2097, 1.1799, 1.0747, 1.5382, 0.8463, 1.0418, 0.9849,
0.9685, 0.8643, 0.9484, 1.0829, 0.7894, 0.8917, 1.1533, 0.904,
0.7536, 0.8112, 0.8838, 1.4277, 1.412, 1.4395, 0.6844, 0.713,
1.2015, 1.0253, 0.7681, 1.2, 1.0925, 1.2168, 0.8178, 0.708, 1.0399,
0.6989, 0.701, 0.8357, 0.8964, 1.0731, 0.8906, 1.2874, 1.0344,
1.0289, 0.7191, 0.8549, 0.9737, 1.1778, 1.1753, 1.1264, 1.2489,
1.1771, 1.0057, 0.8265, 0.9135, 1.0848, 0.7489, 1.0667, 0.9916,
0.9749, 1.0186, 1.1597, 0.9757, 1.1188, 1.3198, 0.8458, 1.2634,
1.2108, 1.0648, 1.5229, 0.7445, 1.2953, 0.6809, 0.9918, 1.015,
1.1976, 0.8482, 1.054, 0.9074, 1.3496, 0.996, 1.1501, 0.7693,
0.7783, 0.9137, 0.9227, 1.1565, 1.2634, 0.8722, 1.027, 1.2171,
1.1773, 1.1954, 1.2776, 0.8514, 1.0062, 1.0381, 1.2597, 1.135,
0.8073, 0.8847, 1.0088, 0.9304, 1.0585, 1.3302, 1.4367, 1.164,
1.3368, 1.3912, 1.0476, 1.0343, 1.3301, 0.7758, 1.535, 1.2085,
0.9685, 0.9779, 1.1128, 0.9433, 0.6551, 0.8505, 0.8903, 0.6387,
1.0703, 1.0934, 0.8459, 1.2178, 1.0676, 1.3129, 0.6153, 0.8966,
0.9784, 1.1883, 1.05, 1.2104, 1.0408, 0.9707, 0.7842, 1.2497,
1.0341, 0.9339, 1.7907, 1.1994, 0.668, 1.0822, 1.0421, 0.9832,
0.8425, 0.8819, 1.2581, 1.3614, 1.1991, 0.7008, 1.089, 1.1124,
1.2207, 1.5375, 0.8339, 1.1474, 0.9125, 1.161, 0.804, 1.15, 1.1815,
1.2693, 1.0829, 0.768, 1.0594, 1.1964, 1.069, 1.1826, 0.8208,
0.5934, 0.7773, 0.7964, 1.6082, 1.1947, 1.4342, 1.4467, 1.1286,
0.8414, 1.0232, 0.9547, 0.9534, 0.7823, 1.4188, 1.0021, 0.8732,
1.1761, 0.9125, 0.9075, 0.9692, 1.0505, 0.9897, 0.8975, 1.3555,
1.4634, 1.233, 0.793, 1.7039, 0.9336, 1.0799, 1.1386, 1.1646,
1.0612, 0.8869, 0.9666, 1.4692, 0.9702, 1.2574, 1.189, 0.8621,
1.3192, 1.3586, 1.1743, 0.9212, 0.9709, 0.9817, 0.8958, 1.0584,
1.2956, 1.6367, 1.3198, 0.9586, 0.8315, 1.1339, 1.227, 0.8365,
1.1174, 0.973, 1.093, 1.2588, 1.3136, 1.0699, 1.0425, 0.8927,
1.0433, 0.892, 0.9014, 0.8038, 1.4714, 1.1303, 0.9325, 0.9619,
1.0381, 0.9325, 1.0112, 1.1164, 0.8775, 0.8154, 1.234, 0.7074,
1.245, 1.7241, 0.5269, 1.2605, 0.778, 0.8813, 1.0428, 1.3358,
1.1893, 1.3519, 1.1181, 1.0165, 1.1118, 1.1466, 1.0861, 1.1216,
1.1668, 0.9159, 0.9665, 1.1564, 1.1042, 0.8343, 0.9568, 1.1907,
0.635, 0.9552, 0.7569, 1.3661, 0.8616, 1.2721, 0.9259, 1.1795,
1.1332, 0.5922, 0.9174, 0.9659, 1.1914, 1.2269, 1.0485, 0.9545,
0.7384, 0.8587, 1.0849, 1.0541, 1.1608, 1.1473, 0.8517, 0.9884,
1.1155, 0.9326, 0.7829, 1.2433, 0.8911, 1.3208, 0.5781, 1.0264,
0.9167, 1.2306, 0.9323, 0.9943, 0.8425, 1.0165, 0.7885, 0.8471,
0.7075, 0.9674, 0.7169, 1.1103, 0.9966, 1.2723, 1.1376, 0.9424,
1.1751, 0.8765, 1.0201, 1.119, 0.9305, 1.0052, 1.2624, 1.2993,
0.9984, 1.0324, 0.8833, 1.2985, 1.2598, 0.8609, 0.7945, 1.2305,
1.1973, 1.1436, 1.1065, 1.3183, 1.2692, 1.2717, 1.1228, 1.0971,
0.7375, 1.0876, 1.2711, 0.8195, 0.796, 0.9324, 1.3098, 0.9449,
1.0748, 0.8476, 0.9699, 0.5902, 1.3357, 1.1902, 0.8336, 1.1336,
0.7327, 0.8543, 0.9598, 1.1786, 0.9565, 1.2348, 0.8793, 1.2057,
0.7465, 1.1917, 0.7757, 0.8314, 1.1137, 1.0026, 0.7502, 0.8933,
1.0238, 1.1091, 0.9344, 0.8498, 1.2159, 1.0763, 1.1785, 1.0894,
1.1242, 1.0085, 0.7757, 1.2861, 0.9143, 1.0118, 0.9391, 1.1141,
0.777),