Ushape <-
structure(c(29.062, 29.488, 30.291, 31.632, 28.805, 31.591, 31.774,
30.637, 30.509, 28.238, 28.812, 28.692, 30.731, 29.517, 31.056,
29.965, 30.841, 31.934, 29.482, 31.068, 31.692, 28.797, 30.55,
28.441, 29.002, 29.471, 27.975, 29.445, 31.387, 29.263, 29.823,
30.286, 29.855, 28.618, 31.175, 30.531, 31.026, 28.272, 30.727,
29.468, 31.098, 30.392, 30.926, 29.997, 29.894, 30.922, 27.847,
29.652, 30.661, 30.492, 29.62, 31.143, 29.438, 28.653, 27.944,
28.047, 28.901, 29.697, 30.258, 29.224, 31.234, 28.743, 29.391,
28.87, 30.129, 28.543, 29.41, 30.546, 27.802, 30.95, 28.789,
30.775, 28.787, 28.719, 29.273, 30.919, 30.79, 28.875, 30.407,
31.122, 29, 30.093, 28.825, 28.508, 30.215, 27.979, 29.993, 27.616,
28.091, 27.662, 28.027, 27.284, 29.597, 30.512, 30.101, 30.154,
28.764, 28.561, 30.142, 29.297, 29.474, 28.245, 27.89, 30.757,
29.297, 27.593, 27.234, 28.605, 30.365, 29.039, 30.524, 29.522,
27.997, 28.271, 27.113, 26.547, 29.331, 26.856, 28.202, 28.951,
30.332, 28.32, 28.249, 26.978, 29.276, 28.045, 28.247, 27.005,
27.061, 28.501, 28.39, 26.37, 26.175, 28.575, 29.689, 28.338,
28.16, 27.991, 29.797, 27.858, 28.528, 28.173, 26.691, 26.738,
28.591, 27.453, 26.312, 28.567, 25.969, 28.975, 27.944, 27.682,
26.736, 27.201, 27.357, 26.046, 27.408, 25.558, 26.334, 26.041,
26.295, 28.703, 26.873, 28.174, 28.542, 26.638, 25.206, 26.258,
27.776, 26.196, 27.332, 28.137, 28.164, 26.269, 26.189, 28.213,
27.172, 27.523, 26.943, 14.231, 11.776, 14.517, 14.872, 13.403,
13.024, 11.739, 10.953, 14.422, 11.414, 10.935, 14.567, 11.949,
11.401, 12.307, 12.516, 12.381, 12.68, 13.964, 10.768, 12.732,
13.236, 13.083, 13.073, 12.277, 14.235, 11.935, 13.693, 13.291,
12.364, 13.7, 12.041, 10.176, 13.024, 12.95, 10.804, 12.609,
12.164, 11.308, 12.49, 13.227, 12.717, 11.248, 10.339, 11.35,
13.483, 12.96, 12.75, 13.518, 13.637, 12.061, 9.726, 10.928,
10.667, 10, 9.678, 10.961, 10.802, 10.124, 11.892, 10.972, 13.179,
11.945, 10.623, 10.072, 9.722, 13.221, 10.731, 11.439, 12.099,
12.629, 11.412, 9.145, 12.704, 12.14, 10.566, 9.391, 9.192, 12.257,
12.269, 11.55, 9.442, 10.258, 11.797, 12.481, 11.617, 9.779,
11.37, 9.898, 12.587, 9.372, 10.393, 9.71, 9.062, 11.978, 10.751,
11.304, 10.249, 11.97, 11.532, 9.96, 12.347, 11.122, 8.661, 10.89,
10.151, 8.782, 10.572, 12.295, 11.266, 10.631, 9.376, 11.502,
10.985, 11.685, 10.945, 10.258, 10.307, 9.834, 10.104, 11.548,
11.994, 8.858, 11.256, 12.149, 12.135, 9.628, 9.791, 12.009,
8.622, 11.925, 9.562, 10.3, 10.315, 11.01, 9.766, 8.746, 9.488,
10.626, 8.341, 11.512, 8.949, 10.249, 8.631, 9.378, 10.557, 9.091,
10.601, 9.999, 11.804, 11.477, 9.526, 9.295, 11.348, 9.837, 9.29,
8.414, 8.279, 10.775, 10.686, 11.63, 9.216, 11.739, 8.814, 11.174,
8.901, 8.125, 11.449, 10.741, 11.768, 10.703, 11.373, 9.448,
9.57, 10.273, 8.383, 8.779, 10.358, 11.014, 11.478, 9.499, 11.209,
8.25, 10.514, 9.449, 10.378, 11.685, 8.832, 9.514, 10.728, 11.119,
10.14, 11.369, 10.17, 10.074, 9.753, 9.528, 8.579, 9.284, 9.205,
11.186, 11.225, 8.694, 10.189, 10.524, 10.166, 9.695, 9.864,
8.215, 11.854, 8.504, 10.225, 11.486, 10.609, 9.922, 10.473,
11.402, 8.928, 12.15, 10.173, 12.01, 11.906, 11.318, 11.033,
10.931, 8.644, 10.058, 10.5, 12.161, 11.253, 11.316, 10.312,
8.927, 11.592, 10.227, 10.215, 8.614, 9.106, 10.226, 11.62, 8.586,
10.997, 12.222, 11.443, 9.683, 12.054, 10.002, 10.998, 10.433,
8.927, 11.658, 10.949, 11.78, 8.997, 11.673, 10.023, 9.985, 12.191,
9.236, 9.082, 10.326, 11.121, 11.41, 10.079, 9.835, 10.562, 10.947,
12.421, 9.587, 11.826, 11.132, 12.777, 11.396, 9.728, 11.005,
10.03, 11.024, 10.208, 13.176, 11.15, 12.489, 10.038, 12.897,
10.279, 10.192, 10.165, 11.792, 12.465, 13.086, 12.443, 11.545,
12.943, 9.755, 13.7, 12.282, 11.484, 9.911, 12.839, 10.688, 13.879,
13.539, 12.788, 12.891, 11.886, 13.475, 10.716, 12.565, 11.283,
11.968, 10.356, 10.914, 10.465, 14.042, 11.666, 12.398, 12.858,
11.337, 12.484, 13.677, 11.876, 13.95, 10.685, 14.463, 13.592,
11.738, 13.386, 12.102, 14.532, 12.131, 10.937, 12.258, 12.426,
12.34, 14.786, 12.515, 13.2, 14.751, 14.752, 12.09, 14.023, 12.586,
13.442, 14.233, 14.575, 14.811, 11.512, 12.285, 12.909, 12.701,
14.426, 14.351, 15.229, 15.008, 14.777, 13.304, 14.045, 12.081,
15.306, 15.677, 13.912, 15.626, 12.505, 12.96, 14.004, 13.979,
13.862, 12.318, 14.778, 15.102, 13.686, 16.106, 15.332, 12.602,
16.361, 13.351, 12.665, 13.603, 15.483, 13.633, 13.622, 12.808,
13.823, 15.573, 12.986, 13.14, 14.521, 14.932, 15.538, 15.95,
13.405, 14.826, 17.077, 16.48, 14.162, 15.269, 13.398, 14.43,
15.257, 16.445, 17.488, 14.897, 17.391, 17.502, 17.296, 15.713,
16.926, 17.042, 16.585, 16.243, 15.285, 14.012, 14.314, 14.439,
14.192, 15.527, 14.706, 16.648, 14.468, 14.402, 15.055, 17.782,
17.567, 15.636, 15.342, 15.538, 14.929, 14.966, 15.365, 15.11,
15.035, 17, 18.113, 17.781, 15.314, 15.166, 16.909, 15.817, 18.109,
18.096, 18.867, 16.674, 19.303, 19.406, 15.67, 19.134, 18.896,
18.551, 16.857, 17.756, 17.508, 18.282, 19.594, 16.897, 17.072,
18.971, 19.085, 19.849, 18.025, 19.664, 17.517, 17.149, 20.047,
16.623, 18.104, 18.333, 18.219, 19.284, 19.678, 20.345, 20.026,
17.169, 17.554, 19.459, 20.436, 19.356, 18.085, 20.618, 17.882,
19.135, 17.267, 18.717, 19.093, 17.875, 19.918, 18.678, 18.475,
19, 21.185, 21.624, 20.64, 21.73, 19.966, 19.59, 21.762, 18.545,
18.266, 18.145, 20.546, 20.931, 21.398, 18.793, 18.929, 22.294,
19.981, 19.186, 20.394, 20.708, 19.892, 22.628, 20.787, 19.259,
20.527, 21.304, 19.68, 19.454, 22.073, 21.557, 20.19, 19.874,
20.22, 21.329, 21.993, 20.834, 23.169, 19.87, 19.601, 21.511,
21.854, 22.945, 22.254, 23.462, 21.778, 20.119, 23.805, 21.48,
23.504, 23.476, 21.202, 20.594, 21.174, 20.181, 23.483, 20.951,
23.672, 21.013, 23.449, 22.516, 21.578, 21.907, 23.401, 22.993,
22.551, 22.066, 24.638, 23.396, 21.645, 22.334, 23.004, 24.53,
21.655, 22.012, 21.788, 23.639, 23.234, 22.026, 22.95, 23.694,
22.646, 23.379, 25.258, 21.73, 23.731, 23.407, 25.307, 25.25,
22.424, 24.824, 23.472, 24.133, 22.27, 22.46, 25.739, 25.598,
22.779, 24.296, 25.933, 23.561, 22.945, 26.144, 24.238, 23.315,
22.483, 24.995, 24.171, 26.204, 24.671, 25.596, 22.843, 24.293,
24.364, 24.211, 24.36, 25.499, 23.118, 25.813, 26.332, 25.141,
23.603, 26.819, 24.889, 25.171, 26.172, 24.326, 24.598, 26.258,
26.567, 23.576, 25.766, 26.211, 27.367, 26.442, 24.735, 25.404,
24.291, 24.366, 26.438, 25.303, 25.647, 27.752, 25.569, 24.986,
26.871, 24.188, 26.931, 27.391, 26.292, 25.532, 27.286, 25.593,
27.51, 24.897, 27.676, 26.486, 27.89, 27.629, 28.24, 25.781,
26.486, 25.827, 26.094, 28.265, 25.285, 26.49, 26.54, 26.696,
25.693, 26.082, 27.692, 28.352, 26.807, 25.796, 26.344, 28.432,
25.913, 28.449, 27.419, 26.636, 26.489, 28.628, 25.869, 28.838,
25.834, 28.419, 29.039, 29.526, 26.64, 25.774, 26.597, 26.224,
27.307, 26.134, 26.957, 28.123, 27.201, 29.69, 27.455, 29.788,
27.097, 28.782, 26.61, 29.331, 29.169, 27.916, 28.001, 28.924,
26.527, 28.844, 29.444, 27.205, 26.502, 27.903, 27.767, 28.203,
27.991, 30.142, 27.191, 27.12, 28.998, 26.639, 26.86, 29.735,
30.387, 27.497, 29.266, 28.042, 30.561, 30.032, 29.747, 27.7,
27.015, 28.321, 29.843, 30.633, 29.614, 29.748, 30.355, 29.81,
30.442, 28.81, 29.755, 27.58, 30.034, 27.378, 28.252, 28.795,
30.942, 31.096, 27.362, 29.576, 27.363, 29.523, 27.673, 29.819,
30.59, 28.733, 27.886, 27.691, 28.786, 31.386, 29.549, 28.777,
28.706, 28.995, 27.554, 27.642, 31.025, 29.134, 29.418, 29.164,
30.377, 29.179, 29.604, 27.758, 28.815, 31.487, 31.389, 31.506,
30.844, 30.705, 27.962, 28.251, 28.215, 30.782, 31.357, 29.364,
28.495, 29.273, 29.81, 31.449, 28.111, 28.253, 30.84, 29.05,
30.736, 28.778, 29.431, 29.897, 31.633, 28.112, 29.107, 28.859,
29.443, 30.96, 31.374, 30.638, 30.634, 28.593, 31.15, 30.791,
31.663, 27.983, 30.343, 29.429, 30.934, 31.018, 29.017, 28.997,
30.696, 29.925, 29.5, 28.21, 31.587, 31.199, 29.918, 28.124,
30.045, 29.491, 29.993, 29.597, 28.084, 30.097, 18.642, 18.869,
21.998, 22.01, 21.234, 18.547, 20.353, 20.739, 20.135, 18.441,
20.225, 20.535, 21.258, 21.407, 21.806, 19.28, 19.425, 21.859,
